Point name,Code,Northing,Easting,Height,Latitude,Longitude,Elevation,Date,Time,HRMS,VRMS,PDOP,Antenna H.,Solution,Lock SV,Chainage,Offset distance,HD to Previous Pt,SD to Previous Pt,H difference to Previous Pt,Dist. to Base (Plane),Detailed satellites,GNSS Status
Pt1,,1838917.536,551159.719,374.311,16.6260983577,106.7313771943,358.267,2022-06-27,17:28:31,0.007,0.012,0.875,1.876,Fixed,41,0.000,0.000,0.000,0.000,0.000,239.243,G9+R3+C20+E5+J4,43
Pt2,,1838927.199,551175.301,375.441,16.6261852955,106.7315233820,359.404,2022-06-27,17:29:38,0.076,0.149,1.084,1.876,Fixed,38,0.000,0.000,18.335,18.370,-1.131,227.226,G8+R3+C19+E5+J3,43
Pt3,,1838922.435,551180.692,374.739,16.6261419118,106.7315739687,358.679,2022-06-27,17:30:49,0.013,0.024,1.000,1.876,Fixed,39,0.000,0.000,7.195,7.229,0.702,220.573,null,0
Pt4,,1838925.533,551169.690,377.192,16.6261700781,106.7314670277,360.558,2022-06-27,17:38:34,0.004,0.007,1.030,1.876,Fixed,39,0.000,0.000,11.429,11.689,-2.453,418.182,null,0
Pt5,,1838926.969,551169.037,376.952,16.6261830695,106.7314609351,360.317,2022-06-27,17:38:50,0.010,0.014,1.016,1.876,Fixed,39,0.000,0.000,1.578,1.596,0.240,418.756,null,0
Pt6,,1838929.586,551174.016,378.128,16.6262066114,106.7315076618,361.494,2022-06-27,17:39:46,0.006,0.010,1.331,1.876,Fixed,33,0.000,0.000,5.625,5.747,-1.177,413.651,null,0
Pt7,,1838917.767,551185.217,377.859,16.6260995679,106.7316123888,361.225,2022-06-27,17:40:17,0.010,0.014,0.993,1.876,Fixed,37,0.000,0.000,16.283,16.285,0.269,403.213,null,0
Pt8,,1838914.206,551194.747,378.483,16.6260671773,106.7317016305,361.850,2022-06-27,17:41:24,0.093,0.184,1.122,1.876,Float,37,0.000,0.000,10.173,10.192,-0.625,394.014,G8+R2+C20+E4+J3,50
Pt9,,1838914.203,551194.745,378.482,16.6260671472,106.7317016118,361.849,2022-06-27,17:41:28,0.094,0.185,1.115,1.876,Float,36,0.000,0.000,0.004,0.004,0.001,394.015,G8+R1+C20+E4+J3,50
Pt10,,1838912.886,551196.902,378.736,16.6260552049,106.7317218049,362.103,2022-06-27,17:41:40,0.104,0.206,0.970,1.876,Float,40,0.000,0.000,2.527,2.540,-0.254,391.986,G8+R4+C21+E4+J3,50
Pt11,,1838912.895,551196.904,378.737,16.6260552842,106.7317218250,362.104,2022-06-27,17:41:44,0.104,0.206,0.948,1.876,Float,40,0.000,0.000,0.009,0.009,-0.001,391.983,G8+R4+C21+E4+J3,50
Pt12,,1838938.190,551214.350,379.956,16.6262834885,106.7318859199,363.323,2022-06-27,17:42:31,0.005,0.008,0.968,1.876,Fixed,39,0.000,0.000,30.727,30.752,-1.219,373.010,null,0
Pt13,,1838942.697,551206.944,378.396,16.6263243765,106.7318166015,361.762,2022-06-27,17:43:16,0.010,0.013,0.933,1.876,Fixed,40,0.000,0.000,8.670,8.809,1.560,380.309,null,0
Pt14,,1838944.507,551201.021,378.090,16.6263408699,106.7317611246,361.456,2022-06-27,17:43:39,0.007,0.011,1.013,1.876,Fixed,37,0.000,0.000,6.194,6.201,0.306,386.205,null,0
Pt15,,1838946.838,551198.675,377.776,16.6263619798,106.7317391864,361.142,2022-06-27,17:44:02,0.008,0.012,0.939,1.876,Fixed,40,0.000,0.000,3.307,3.322,0.314,388.530,null,0
Pt16,,1838952.412,551195.793,377.908,16.6264124131,106.7317122954,361.275,2022-06-27,17:44:31,0.006,0.010,0.882,1.876,Fixed,41,0.000,0.000,6.275,6.276,-0.133,391.417,null,0
Pt17,,1838957.171,551191.124,377.953,16.6264555277,106.7316686386,361.319,2022-06-27,17:44:53,0.006,0.010,0.802,1.876,Fixed,45,0.000,0.000,6.667,6.668,-0.045,396.153,null,0
Pt18,,1838963.310,551189.816,378.391,16.6265110309,106.7316565196,361.757,2022-06-27,17:45:14,0.005,0.008,0.809,1.876,Fixed,44,0.000,0.000,6.276,6.292,-0.438,397.630,null,0
Pt19,,1838972.846,551199.034,379.575,16.6265970097,106.7317431352,362.941,2022-06-27,17:46:12,0.007,0.011,0.820,1.876,Fixed,44,0.000,0.000,13.263,13.316,-1.184,388.879,null,0
Pt20,,1838977.524,551194.634,379.476,16.6266393715,106.7317020014,362.841,2022-06-27,17:46:51,0.005,0.008,0.778,1.876,Fixed,47,0.000,0.000,6.421,6.422,0.099,393.580,null,0
Pt21,,1838986.169,551199.521,377.459,16.6267173931,106.7317480080,360.825,2022-06-27,17:48:03,0.095,0.156,0.887,1.876,Fixed,40,0.000,0.000,9.931,10.134,2.017,389.429,G8+R4+C21+E4+J3,43
Pt22,,1838987.276,551201.864,376.176,16.6267273493,106.7317699925,359.542,2022-06-27,17:48:44,0.125,0.205,0.979,1.876,Float,38,0.000,0.000,2.591,2.891,1.283,387.204,G9+R3+C19+E4+J3,50
Pt23,,1838992.770,551203.715,379.530,16.6267769574,106.7317874675,362.896,2022-06-27,17:49:15,0.021,0.035,0.882,1.876,Float,41,0.000,0.000,5.797,6.698,-3.354,385.942,G9+R4+C22+E3+J3,50
Pt24,,1838995.551,551196.486,380.013,16.6268022446,106.7317197625,363.379,2022-06-27,17:49:41,0.006,0.008,0.824,1.876,Fixed,45,0.000,0.000,7.746,7.761,-0.483,393.445,null,0
Pt25,,1838980.741,551181.016,378.145,16.6266687419,106.7315744334,361.510,2022-06-27,17:50:32,0.008,0.014,0.808,1.876,Fixed,42,0.000,0.000,21.416,21.497,1.868,407.400,null,0
Pt26,,1838978.727,551167.457,378.370,16.6266508341,106.7314472912,361.735,2022-06-27,17:52:15,0.008,0.012,0.846,1.876,Fixed,43,0.000,0.000,13.708,13.710,-0.225,420.776,null,0
Pt27,,1838970.228,551156.283,378.990,16.6265742773,106.7313423626,362.355,2022-06-27,17:54:37,0.008,0.012,0.784,1.876,Fixed,42,0.000,0.000,14.039,14.052,-0.620,431.427,null,0
Pt28,,1838969.990,551155.336,379.249,16.6265721477,106.7313334882,362.613,2022-06-27,17:54:53,0.009,0.013,0.806,1.876,Fixed,46,0.000,0.000,0.976,1.009,-0.258,432.361,null,0
Pt29,,1838979.445,551139.218,379.154,16.6266579379,106.7311826210,362.518,2022-06-27,17:55:39,0.011,0.014,0.815,1.876,Fixed,45,0.000,0.000,18.687,18.687,0.094,448.999,null,0
Pt30,,1838978.945,551136.158,378.963,16.6266534834,106.7311539298,362.327,2022-06-27,17:56:12,0.053,0.078,0.869,1.876,Fixed,41,0.000,0.000,3.100,3.106,0.192,452.019,G8+R3+C21+E5+J4,43
Pt31,,1838961.926,551136.354,378.869,16.6264996816,106.7311553854,362.233,2022-06-27,17:56:53,0.012,0.015,0.759,1.876,Fixed,45,0.000,0.000,17.020,17.020,0.094,451.025,G8+R4+C24+E5+J4,43
Pt32,,1838959.580,551140.153,378.980,16.6264784035,106.7311909402,362.344,2022-06-27,17:57:11,0.011,0.016,0.751,1.876,Fixed,46,0.000,0.000,4.465,4.466,-0.111,447.167,null,0
Pt33,,1838958.532,551145.189,378.921,16.6264688186,106.7312381128,362.285,2022-06-27,17:57:49,0.057,0.104,0.901,1.876,Fixed,41,0.000,0.000,5.143,5.144,0.059,442.109,G10+R3+C21+E5+J2,43
Pt34,,1838949.244,551157.982,378.602,16.6263846138,106.7313578189,361.967,2022-06-27,17:58:18,0.007,0.011,0.843,1.876,Fixed,43,0.000,0.000,15.809,15.812,0.319,429.218,null,0
Pt35,,1838930.592,551173.171,378.046,16.6262157279,106.7314997679,361.412,2022-06-27,17:59:15,0.009,0.013,0.993,1.876,Fixed,41,0.000,0.000,24.054,24.061,0.556,414.448,null,0
Pt36,,1838921.783,551155.135,377.939,16.6261365120,106.7313305181,361.305,2022-06-27,17:59:46,0.005,0.010,0.856,1.876,Fixed,45,0.000,0.000,20.072,20.072,0.107,432.937,G10+R5+C21+E6+J3,43
Pt37,,1838920.521,551151.881,377.951,16.6261251769,106.7312999876,361.317,2022-06-27,17:59:58,0.007,0.011,0.850,1.876,Fixed,45,0.000,0.000,3.490,3.490,-0.012,436.267,G9+R5+C21+E6+J4,43
Pt38,,1838910.062,551155.966,377.470,16.6260305746,106.7313380425,360.836,2022-06-27,18:00:13,0.010,0.013,0.848,1.876,Fixed,46,0.000,0.000,11.228,11.238,0.481,433.012,G9+R5+C23+E5+J4,43
Pt39,,1838911.442,551159.234,377.437,16.6260429674,106.7313687050,360.803,2022-06-27,18:00:22,0.007,0.011,0.861,1.876,Fixed,43,0.000,0.000,3.547,3.547,0.033,429.633,G8+R4+C22+E5+J4,43
Pt40,,1839584.113,551926.813,402.516,16.6321050080,106.7385787241,385.894,2022-06-27,18:35:02,0.005,0.009,0.720,1.876,Fixed,47,0.000,0.000,1020.620,1020.928,-25.079,720.049,null,0
Pt41,,1839584.124,551926.828,402.512,16.6321051025,106.7385788588,385.890,2022-06-27,18:35:10,0.006,0.010,0.717,1.876,Fixed,48,0.000,0.000,0.018,0.018,0.004,720.065,null,0
Pt42,,1839591.595,551914.500,399.179,16.6321728915,106.7384634791,382.556,2022-06-27,18:35:53,0.004,0.006,0.707,1.876,Fixed,49,0.000,0.000,14.415,14.795,3.334,720.980,null,0
Pt43,,1839591.604,551914.493,399.177,16.6321729695,106.7384634135,382.554,2022-06-27,18:36:02,0.004,0.006,0.722,1.876,Fixed,49,0.000,0.000,0.011,0.011,0.002,720.985,null,0
Pt44,,1839568.950,551892.273,398.852,16.6319687388,106.7382546118,382.228,2022-06-27,18:37:01,0.007,0.011,0.769,1.876,Fixed,46,0.000,0.000,31.733,31.734,0.325,690.776,null,0
Pt45,,1839568.949,551892.265,398.854,16.6319687267,106.7382545419,382.231,2022-06-27,18:37:10,0.007,0.011,0.766,1.876,Fixed,47,0.000,0.000,0.008,0.008,-0.002,690.771,null,0
Pt46,,1839555.593,551899.567,402.113,16.6318478731,106.7383226782,385.491,2022-06-27,18:37:50,0.009,0.013,0.769,1.876,Fixed,45,0.000,0.000,15.221,15.566,-3.260,682.127,null,0
Pt47,,1839555.589,551899.565,402.117,16.6318478339,106.7383226564,385.494,2022-06-27,18:37:58,0.009,0.013,0.767,1.876,Fixed,45,0.000,0.000,0.005,0.006,-0.004,682.122,null,0
Pt48,,1839555.586,551899.566,402.125,16.6318478129,106.7383226661,385.502,2022-06-27,18:38:06,0.009,0.013,0.766,1.876,Fixed,46,0.000,0.000,0.003,0.009,-0.008,682.121,null,0
Pt49,,1841081.147,550796.964,473.194,16.6456581543,106.7280216406,456.511,2022-06-27,18:56:06,0.005,0.008,0.664,1.876,Fixed,52,0.000,0.000,1882.303,1883.644,-71.069,2273.788,null,0
Pt50,,1841081.137,550796.983,473.176,16.6456580666,106.7280218206,456.492,2022-06-27,18:56:35,0.004,0.006,0.635,1.876,Fixed,54,0.000,0.000,0.022,0.028,0.019,2273.771,null,0
Pt51,,1838254.181,551483.661,387.040,16.6200963222,106.7343947063,370.428,2022-06-27,19:09:50,0.007,0.009,0.841,1.876,Fixed,43,0.000,0.000,2909.159,2910.434,86.135,702.791,null,0
Pt52,,1838254.183,551483.661,387.045,16.6200963368,106.7343946992,370.433,2022-06-27,19:09:59,0.007,0.009,0.827,1.876,Fixed,43,0.000,0.000,0.002,0.005,-0.005,702.790,null,0
Pt53,,1838254.189,551483.659,387.055,16.6200963972,106.7343946808,370.442,2022-06-27,19:10:07,0.008,0.010,0.850,1.876,Fixed,43,0.000,0.000,0.007,0.012,-0.009,702.783,null,0
Pt54,,1838257.010,551508.709,387.904,16.6201213349,106.7346295368,371.292,2022-06-27,19:12:48,0.011,0.013,0.962,1.876,Fixed,40,0.000,0.000,25.208,25.223,-0.849,696.730,null,0
Pt55,,1838257.011,551508.717,387.920,16.6201213465,106.7346296159,371.308,2022-06-27,19:12:56,0.011,0.014,0.962,1.876,Fixed,40,0.000,0.000,0.009,0.018,-0.016,696.727,null,0
Pt56,,1838257.005,551508.722,387.925,16.6201212980,106.7346296594,371.313,2022-06-27,19:13:05,0.011,0.013,0.962,1.876,Fixed,40,0.000,0.000,0.007,0.009,-0.006,696.732,null,0
Pt57,,1838265.912,551507.755,388.188,16.6202018023,106.7346207968,371.576,2022-06-27,19:13:50,0.006,0.007,0.816,1.876,Fixed,44,0.000,0.000,8.958,8.962,-0.263,687.994,null,0
Pt58,,1838265.919,551507.779,388.246,16.6202018729,106.7346210282,371.634,2022-06-27,19:13:58,0.008,0.009,0.801,1.876,Fixed,44,0.000,0.000,0.026,0.064,-0.058,687.983,null,0
Pt59,,1838265.923,551507.785,388.250,16.6202019024,106.7346210829,371.638,2022-06-27,19:14:06,0.009,0.011,0.796,1.876,Fixed,45,0.000,0.000,0.007,0.008,-0.003,687.979,null,0
Pt60,,1838274.037,551505.118,388.471,16.6202752912,106.7345962674,371.859,2022-06-27,19:14:35,0.007,0.010,0.801,1.876,Fixed,46,0.000,0.000,8.542,8.545,-0.222,680.236,null,0
Pt61,,1838273.753,551501.364,388.467,16.6202728018,106.7345610721,371.854,2022-06-27,19:15:02,0.008,0.009,0.868,1.876,Fixed,44,0.000,0.000,3.765,3.765,0.005,680.981,null,0
Pt62,,1838273.737,551501.367,388.471,16.6202726571,106.7345611018,371.858,2022-06-27,19:15:10,0.008,0.008,0.880,1.876,Fixed,43,0.000,0.000,0.016,0.017,-0.004,680.997,null,0
