Point name,Northing,Easting,Height,Latitude,Longitude,Elevation,Date,Time,HRMS,VRMS,PDOP,Antenna H.,Solution,Lock SV,Chainage,Offset distance,HD to Previous Pt,SD to Previous Pt,H difference to Previous Pt,Dist. to Base (Plane),Detailed satellites,GNSS Status
Pt1,1838917.536,551159.719,374.311,16.62609836,106.7313772,358.267,6/27/2022,17:28:31,0.007,0.012,0.875,1.876,Fixed,41,0,0,0,0,0,239.243,G9+R3+C20+E5+J4,43
Pt2,1838927.199,551175.301,375.441,16.6261853,106.7315234,359.404,6/27/2022,17:29:38,0.076,0.149,1.084,1.876,Fixed,38,0,0,18.335,18.37,-1.131,227.226,G8+R3+C19+E5+J3,43
Pt3,1838922.435,551180.692,374.739,16.62614191,106.731574,358.679,6/27/2022,17:30:49,0.013,0.024,1,1.876,Fixed,39,0,0,7.195,7.229,0.702,220.573,null,0
Pt4,1838925.533,551169.69,377.192,16.62617008,106.731467,360.558,6/27/2022,17:38:34,0.004,0.007,1.03,1.876,Fixed,39,0,0,11.429,11.689,-2.453,418.182,null,0
Pt5,1838926.969,551169.037,376.952,16.62618307,106.7314609,360.317,6/27/2022,17:38:50,0.01,0.014,1.016,1.876,Fixed,39,0,0,1.578,1.596,0.24,418.756,null,0
Pt6,1838929.586,551174.016,378.128,16.62620661,106.7315077,361.494,6/27/2022,17:39:46,0.006,0.01,1.331,1.876,Fixed,33,0,0,5.625,5.747,-1.177,413.651,null,0
Pt7,1838917.767,551185.217,377.859,16.62609957,106.7316124,361.225,6/27/2022,17:40:17,0.01,0.014,0.993,1.876,Fixed,37,0,0,16.283,16.285,0.269,403.213,null,0
Pt8,1838914.206,551194.747,378.483,16.62606718,106.7317016,361.85,6/27/2022,17:41:24,0.093,0.184,1.122,1.876,Float,37,0,0,10.173,10.192,-0.625,394.014,G8+R2+C20+E4+J3,50
Pt9,1838914.203,551194.745,378.482,16.62606715,106.7317016,361.849,6/27/2022,17:41:28,0.094,0.185,1.115,1.876,Float,36,0,0,0.004,0.004,0.001,394.015,G8+R1+C20+E4+J3,50
Pt10,1838912.886,551196.902,378.736,16.6260552,106.7317218,362.103,6/27/2022,17:41:40,0.104,0.206,0.97,1.876,Float,40,0,0,2.527,2.54,-0.254,391.986,G8+R4+C21+E4+J3,50
Pt11,1838912.895,551196.904,378.737,16.62605528,106.7317218,362.104,6/27/2022,17:41:44,0.104,0.206,0.948,1.876,Float,40,0,0,0.009,0.009,-0.001,391.983,G8+R4+C21+E4+J3,50
Pt12,1838938.19,551214.35,379.956,16.62628349,106.7318859,363.323,6/27/2022,17:42:31,0.005,0.008,0.968,1.876,Fixed,39,0,0,30.727,30.752,-1.219,373.01,null,0
Pt13,1838942.697,551206.944,378.396,16.62632438,106.7318166,361.762,6/27/2022,17:43:16,0.01,0.013,0.933,1.876,Fixed,40,0,0,8.67,8.809,1.56,380.309,null,0
Pt14,1838944.507,551201.021,378.09,16.62634087,106.7317611,361.456,6/27/2022,17:43:39,0.007,0.011,1.013,1.876,Fixed,37,0,0,6.194,6.201,0.306,386.205,null,0
Pt15,1838946.838,551198.675,377.776,16.62636198,106.7317392,361.142,6/27/2022,17:44:02,0.008,0.012,0.939,1.876,Fixed,40,0,0,3.307,3.322,0.314,388.53,null,0
Pt16,1838952.412,551195.793,377.908,16.62641241,106.7317123,361.275,6/27/2022,17:44:31,0.006,0.01,0.882,1.876,Fixed,41,0,0,6.275,6.276,-0.133,391.417,null,0
Pt17,1838957.171,551191.124,377.953,16.62645553,106.7316686,361.319,6/27/2022,17:44:53,0.006,0.01,0.802,1.876,Fixed,45,0,0,6.667,6.668,-0.045,396.153,null,0
Pt18,1838963.31,551189.816,378.391,16.62651103,106.7316565,361.757,6/27/2022,17:45:14,0.005,0.008,0.809,1.876,Fixed,44,0,0,6.276,6.292,-0.438,397.63,null,0
Pt19,1838972.846,551199.034,379.575,16.62659701,106.7317431,362.941,6/27/2022,17:46:12,0.007,0.011,0.82,1.876,Fixed,44,0,0,13.263,13.316,-1.184,388.879,null,0
Pt20,1838977.524,551194.634,379.476,16.62663937,106.731702,362.841,6/27/2022,17:46:51,0.005,0.008,0.778,1.876,Fixed,47,0,0,6.421,6.422,0.099,393.58,null,0
Pt21,1838986.169,551199.521,377.459,16.62671739,106.731748,360.825,6/27/2022,17:48:03,0.095,0.156,0.887,1.876,Fixed,40,0,0,9.931,10.134,2.017,389.429,G8+R4+C21+E4+J3,43
Pt22,1838987.276,551201.864,376.176,16.62672735,106.73177,359.542,6/27/2022,17:48:44,0.125,0.205,0.979,1.876,Float,38,0,0,2.591,2.891,1.283,387.204,G9+R3+C19+E4+J3,50
Pt23,1838992.77,551203.715,379.53,16.62677696,106.7317875,362.896,6/27/2022,17:49:15,0.021,0.035,0.882,1.876,Float,41,0,0,5.797,6.698,-3.354,385.942,G9+R4+C22+E3+J3,50
Pt24,1838995.551,551196.486,380.013,16.62680224,106.7317198,363.379,6/27/2022,17:49:41,0.006,0.008,0.824,1.876,Fixed,45,0,0,7.746,7.761,-0.483,393.445,null,0
Pt25,1838980.741,551181.016,378.145,16.62666874,106.7315744,361.51,6/27/2022,17:50:32,0.008,0.014,0.808,1.876,Fixed,42,0,0,21.416,21.497,1.868,407.4,null,0
Pt26,1838978.727,551167.457,378.37,16.62665083,106.7314473,361.735,6/27/2022,17:52:15,0.008,0.012,0.846,1.876,Fixed,43,0,0,13.708,13.71,-0.225,420.776,null,0
Pt27,1838970.228,551156.283,378.99,16.62657428,106.7313424,362.355,6/27/2022,17:54:37,0.008,0.012,0.784,1.876,Fixed,42,0,0,14.039,14.052,-0.62,431.427,null,0
Pt28,1838969.99,551155.336,379.249,16.62657215,106.7313335,362.613,6/27/2022,17:54:53,0.009,0.013,0.806,1.876,Fixed,46,0,0,0.976,1.009,-0.258,432.361,null,0
Pt29,1838979.445,551139.218,379.154,16.62665794,106.7311826,362.518,6/27/2022,17:55:39,0.011,0.014,0.815,1.876,Fixed,45,0,0,18.687,18.687,0.094,448.999,null,0
Pt30,1838978.945,551136.158,378.963,16.62665348,106.7311539,362.327,6/27/2022,17:56:12,0.053,0.078,0.869,1.876,Fixed,41,0,0,3.1,3.106,0.192,452.019,G8+R3+C21+E5+J4,43
Pt31,1838961.926,551136.354,378.869,16.62649968,106.7311554,362.233,6/27/2022,17:56:53,0.012,0.015,0.759,1.876,Fixed,45,0,0,17.02,17.02,0.094,451.025,G8+R4+C24+E5+J4,43
Pt32,1838959.58,551140.153,378.98,16.6264784,106.7311909,362.344,6/27/2022,17:57:11,0.011,0.016,0.751,1.876,Fixed,46,0,0,4.465,4.466,-0.111,447.167,null,0
Pt33,1838958.532,551145.189,378.921,16.62646882,106.7312381,362.285,6/27/2022,17:57:49,0.057,0.104,0.901,1.876,Fixed,41,0,0,5.143,5.144,0.059,442.109,G10+R3+C21+E5+J2,43
Pt34,1838949.244,551157.982,378.602,16.62638461,106.7313578,361.967,6/27/2022,17:58:18,0.007,0.011,0.843,1.876,Fixed,43,0,0,15.809,15.812,0.319,429.218,null,0
Pt35,1838930.592,551173.171,378.046,16.62621573,106.7314998,361.412,6/27/2022,17:59:15,0.009,0.013,0.993,1.876,Fixed,41,0,0,24.054,24.061,0.556,414.448,null,0
Pt36,1838921.783,551155.135,377.939,16.62613651,106.7313305,361.305,6/27/2022,17:59:46,0.005,0.01,0.856,1.876,Fixed,45,0,0,20.072,20.072,0.107,432.937,G10+R5+C21+E6+J3,43
Pt37,1838920.521,551151.881,377.951,16.62612518,106.7313,361.317,6/27/2022,17:59:58,0.007,0.011,0.85,1.876,Fixed,45,0,0,3.49,3.49,-0.012,436.267,G9+R5+C21+E6+J4,43
Pt38,1838910.062,551155.966,377.47,16.62603057,106.731338,360.836,6/27/2022,18:00:13,0.01,0.013,0.848,1.876,Fixed,46,0,0,11.228,11.238,0.481,433.012,G9+R5+C23+E5+J4,43
Pt39,1838911.442,551159.234,377.437,16.62604297,106.7313687,360.803,6/27/2022,18:00:22,0.007,0.011,0.861,1.876,Fixed,43,0,0,3.547,3.547,0.033,429.633,G8+R4+C22+E5+J4,43
Pt40,1839584.113,551926.813,402.516,16.63210501,106.7385787,385.894,6/27/2022,18:35:02,0.005,0.009,0.72,1.876,Fixed,47,0,0,1020.62,1020.928,-25.079,720.049,null,0
Pt41,1839584.124,551926.828,402.512,16.6321051,106.7385789,385.89,6/27/2022,18:35:10,0.006,0.01,0.717,1.876,Fixed,48,0,0,0.018,0.018,0.004,720.065,null,0
Pt42,1839591.595,551914.5,399.179,16.63217289,106.7384635,382.556,6/27/2022,18:35:53,0.004,0.006,0.707,1.876,Fixed,49,0,0,14.415,14.795,3.334,720.98,null,0
Pt43,1839591.604,551914.493,399.177,16.63217297,106.7384634,382.554,6/27/2022,18:36:02,0.004,0.006,0.722,1.876,Fixed,49,0,0,0.011,0.011,0.002,720.985,null,0
Pt44,1839568.95,551892.273,398.852,16.63196874,106.7382546,382.228,6/27/2022,18:37:01,0.007,0.011,0.769,1.876,Fixed,46,0,0,31.733,31.734,0.325,690.776,null,0
Pt45,1839568.949,551892.265,398.854,16.63196873,106.7382545,382.231,6/27/2022,18:37:10,0.007,0.011,0.766,1.876,Fixed,47,0,0,0.008,0.008,-0.002,690.771,null,0
Pt46,1839555.593,551899.567,402.113,16.63184787,106.7383227,385.491,6/27/2022,18:37:50,0.009,0.013,0.769,1.876,Fixed,45,0,0,15.221,15.566,-3.26,682.127,null,0
Pt47,1839555.589,551899.565,402.117,16.63184783,106.7383227,385.494,6/27/2022,18:37:58,0.009,0.013,0.767,1.876,Fixed,45,0,0,0.005,0.006,-0.004,682.122,null,0
Pt48,1839555.586,551899.566,402.125,16.63184781,106.7383227,385.502,6/27/2022,18:38:06,0.009,0.013,0.766,1.876,Fixed,46,0,0,0.003,0.009,-0.008,682.121,null,0
Pt49,1841081.147,550796.964,473.194,16.64565815,106.7280216,456.511,6/27/2022,18:56:06,0.005,0.008,0.664,1.876,Fixed,52,0,0,1882.303,1883.644,-71.069,2273.788,null,0
Pt50,1841081.137,550796.983,473.176,16.64565807,106.7280218,456.492,6/27/2022,18:56:35,0.004,0.006,0.635,1.876,Fixed,54,0,0,0.022,0.028,0.019,2273.771,null,0
Pt51,1838254.181,551483.661,387.04,16.62009632,106.7343947,370.428,6/27/2022,19:09:50,0.007,0.009,0.841,1.876,Fixed,43,0,0,2909.159,2910.434,86.135,702.791,null,0
Pt52,1838254.183,551483.661,387.045,16.62009634,106.7343947,370.433,6/27/2022,19:09:59,0.007,0.009,0.827,1.876,Fixed,43,0,0,0.002,0.005,-0.005,702.79,null,0
Pt53,1838254.189,551483.659,387.055,16.6200964,106.7343947,370.442,6/27/2022,19:10:07,0.008,0.01,0.85,1.876,Fixed,43,0,0,0.007,0.012,-0.009,702.783,null,0
Pt54,1838257.01,551508.709,387.904,16.62012133,106.7346295,371.292,6/27/2022,19:12:48,0.011,0.013,0.962,1.876,Fixed,40,0,0,25.208,25.223,-0.849,696.73,null,0
Pt55,1838257.011,551508.717,387.92,16.62012135,106.7346296,371.308,6/27/2022,19:12:56,0.011,0.014,0.962,1.876,Fixed,40,0,0,0.009,0.018,-0.016,696.727,null,0
Pt56,1838257.005,551508.722,387.925,16.6201213,106.7346297,371.313,6/27/2022,19:13:05,0.011,0.013,0.962,1.876,Fixed,40,0,0,0.007,0.009,-0.006,696.732,null,0
Pt57,1838265.912,551507.755,388.188,16.6202018,106.7346208,371.576,6/27/2022,19:13:50,0.006,0.007,0.816,1.876,Fixed,44,0,0,8.958,8.962,-0.263,687.994,null,0
Pt58,1838265.919,551507.779,388.246,16.62020187,106.734621,371.634,6/27/2022,19:13:58,0.008,0.009,0.801,1.876,Fixed,44,0,0,0.026,0.064,-0.058,687.983,null,0
Pt59,1838265.923,551507.785,388.25,16.6202019,106.7346211,371.638,6/27/2022,19:14:06,0.009,0.011,0.796,1.876,Fixed,45,0,0,0.007,0.008,-0.003,687.979,null,0
Pt60,1838274.037,551505.118,388.471,16.62027529,106.7345963,371.859,6/27/2022,19:14:35,0.007,0.01,0.801,1.876,Fixed,46,0,0,8.542,8.545,-0.222,680.236,null,0
Pt61,1838273.753,551501.364,388.467,16.6202728,106.7345611,371.854,6/27/2022,19:15:02,0.008,0.009,0.868,1.876,Fixed,44,0,0,3.765,3.765,0.005,680.981,null,0
Pt62,1838273.737,551501.367,388.471,16.62027266,106.7345611,371.858,6/27/2022,19:15:10,0.008,0.008,0.88,1.876,Fixed,43,0,0,0.016,0.017,-0.004,680.997,null,0
